{
    "intrinsic_parameters": {
        "focal_length": [
            955.9831309528636,
            956.7749752283094
        ],
        "skew": 0.0,
        "principal_point": [
            368.88206140847524,
            648.8286752813
        ]
    },
    "extrinsic_parameters": [
        {
            "image_id": 1,
            "rotation_matrix": [
                [
                    0.013891168306155544,
                    -0.9969698943476154,
                    -0.07653799845563419
                ],
                [
                    0.9889627428285949,
                    0.024991300511939277,
                    -0.14604152901029452
                ],
                [
                    0.14751179186774463,
                    -0.07366454142412443,
                    0.9863132395931532
                ]
            ],
            "translation_vector": [
                3.0433896406032903,
                -3.752265106608328,
                15.171253527963373
            ]
        },
        {
            "image_id": 2,
            "rotation_matrix": [
                [
                    0.24205099915578146,
                    0.8902074815600511,
                    -0.38592998533697687
                ],
                [
                    -0.9434570289201762,
                    0.12309245305859608,
                    -0.30779389627010356
                ],
                [
                    -0.22649536063416795,
                    0.43861017746346087,
                    0.8696671569265276
                ]
            ],
            "translation_vector": [
                -2.704148342436,
                4.097832030216619,
                15.034406811245491
            ]
        },
        {
            "image_id": 3,
            "rotation_matrix": [
                [
                    0.01203107754785224,
                    0.9626280446376729,
                    -0.2705596068338512
                ],
                [
                    -0.9952847256854831,
                    -0.014515925318357086,
                    -0.09590413301482144
                ],
                [
                    -0.0962474310836931,
                    0.2704376741306626,
                    0.9579143471211752
                ]
            ],
            "translation_vector": [
                -2.961599840920544,
                1.9768013961491049,
                14.95377133840352
            ]
        },
        {
            "image_id": 4,
            "rotation_matrix": [
                [
                    0.04928869857353253,
                    -0.9849949335447724,
                    -0.1653952994617958
                ],
                [
                    0.9864510661821561,
                    0.02206444258627375,
                    0.16256523121948577
                ],
                [
                    -0.15647657403271362,
                    -0.17116699817571926,
                    0.9727368300390904
                ]
            ],
            "translation_vector": [
                3.5142770177040767,
                -2.5530316426783197,
                18.446536225630425
            ]
        },
        {
            "image_id": 5,
            "rotation_matrix": [
                [
                    0.16527336317052477,
                    -0.9025785877745051,
                    -0.39753818472856667
                ],
                [
                    0.9767890813780732,
                    0.09411038849113752,
                    0.19242225775264948
                ],
                [
                    -0.13626373665390118,
                    -0.42011323196136935,
                    0.8971828500389923
                ]
            ],
            "translation_vector": [
                3.906978872359923,
                -2.976891291173167,
                18.147331726065243
            ]
        },
        {
            "image_id": 6,
            "rotation_matrix": [
                [
                    0.016226771611398065,
                    -0.996361358718132,
                    -0.08367039342819671
                ],
                [
                    0.9918460353635338,
                    0.026619232478205218,
                    -0.12463088941314202
                ],
                [
                    0.1264046439681355,
                    -0.08096579102083154,
                    0.9886690076398975
                ]
            ],
            "translation_vector": [
                3.6074024564812444,
                -1.1091579613414877,
                14.520406795489338
            ]
        },
        {
            "image_id": 7,
            "rotation_matrix": [
                [
                    -0.017521904047090517,
                    -0.9945648357056723,
                    -0.10263415833100284
                ],
                [
                    0.9164954708098748,
                    0.025055114324718734,
                    -0.3992596814495062
                ],
                [
                    0.39966115005533176,
                    -0.10105953108897789,
                    0.9110751540419295
                ]
            ],
            "translation_vector": [
                3.5007701606147275,
                -2.4802664254006204,
                12.941538670629518
            ]
        },
        {
            "image_id": 8,
            "rotation_matrix": [
                [
                    0.055771821235889696,
                    -0.9804528757270259,
                    0.18868402803268042
                ],
                [
                    0.9969852197952485,
                    0.04447672730340193,
                    -0.06357902357066418
                ],
                [
                    0.05394418843445707,
                    0.19166110509695017,
                    0.979977573889915
                ]
            ],
            "translation_vector": [
                2.6619746744310455,
                -3.978953328624729,
                15.005226171951534
            ]
        },
        {
            "image_id": 9,
            "rotation_matrix": [
                [
                    -0.27402027193791817,
                    -0.8474444267028991,
                    0.4546986191063966
                ],
                [
                    0.9120064470292233,
                    -0.07892832166033939,
                    0.40251032361545
                ],
                [
                    -0.3052165315709517,
                    0.5249840604152439,
                    0.7945027408169976
                ]
            ],
            "translation_vector": [
                3.1359491750432604,
                -2.8669456448494923,
                18.126290312828086
            ]
        },
        {
            "image_id": 10,
            "rotation_matrix": [
                [
                    0.05396736435620847,
                    -0.9982898897147793,
                    -0.022468192577471943
                ],
                [
                    0.9908184938143222,
                    0.05074303664613892,
                    0.12531502921615914
                ],
                [
                    -0.12396062237647267,
                    -0.02902482256935824,
                    0.9918625528644859
                ]
            ],
            "translation_vector": [
                2.61898423301908,
                -1.7721526503053546,
                16.015388143992688
            ]
        },
        {
            "image_id": 11,
            "rotation_matrix": [
                [
                    -0.0036846610100874436,
                    -0.9174952936189521,
                    -0.3977295682499772
                ],
                [
                    0.9795625412834418,
                    0.0766753039405927,
                    -0.18595194400689377
                ],
                [
                    0.20110606899734762,
                    -0.390286156496346,
                    0.898461498930112
                ]
            ],
            "translation_vector": [
                4.173254527365529,
                -5.329455772232383,
                18.305324820159676
            ]
        },
        {
            "image_id": 12,
            "rotation_matrix": [
                [
                    -0.19585491275863576,
                    -0.9174029619030358,
                    -0.34642843220475417
                ],
                [
                    0.8500374754821846,
                    0.017319395931424647,
                    -0.5264373930492066
                ],
                [
                    0.48895515481911167,
                    -0.3975824996351163,
                    0.7764348089567538
                ]
            ],
            "translation_vector": [
                3.723819728501447,
                -4.178705498678352,
                17.442457702730945
            ]
        },
        {
            "image_id": 13,
            "rotation_matrix": [
                [
                    -0.0753069296806745,
                    -0.9308445650712865,
                    0.35757133836385363
                ],
                [
                    0.9123115780638792,
                    0.08043095797376075,
                    0.4015201682730493
                ],
                [
                    -0.4025126716920408,
                    0.35645372305065176,
                    0.8431632655960914
                ]
            ],
            "translation_vector": [
                3.5133316356779716,
                -2.602763671434913,
                17.942746014712345
            ]
        },
        {
            "image_id": 14,
            "rotation_matrix": [
                [
                    0.14890838642071297,
                    -0.9878004599674552,
                    0.045569109511415795
                ],
                [
                    0.9384051822497042,
                    0.12663090789615936,
                    -0.3214970094608872
                ],
                [
                    0.3118044361141757,
                    0.09063588943392223,
                    0.9458134748279086
                ]
            ],
            "translation_vector": [
                2.8758398763378916,
                -3.1271976465895115,
                16.061330056073814
            ]
        },
        {
            "image_id": 15,
            "rotation_matrix": [
                [
                    0.035947066802644756,
                    -0.9911994637305324,
                    -0.12740263532828244
                ],
                [
                    0.8575208900084872,
                    0.09606018550784266,
                    -0.5054011910940169
                ],
                [
                    0.5131917103649847,
                    -0.09108273085774268,
                    0.8534273282196663
                ]
            ],
            "translation_vector": [
                3.0736825021800183,
                -3.94090133683038,
                17.147798168337548
            ]
        },
        {
            "image_id": 16,
            "rotation_matrix": [
                [
                    0.027779349731500882,
                    0.9970043547971844,
                    0.07218465379805525
                ],
                [
                    -0.975613903830263,
                    0.011312786024828634,
                    0.21920203357959672
                ],
                [
                    0.21772877251656284,
                    -0.07651364184122052,
                    0.973005572558875
                ]
            ],
            "translation_vector": [
                -3.4096689453448104,
                4.976161489429855,
                18.045448166570253
            ]
        },
        {
            "image_id": 17,
            "rotation_matrix": [
                [
                    0.0015116438238406138,
                    -0.9953408298265357,
                    -0.09640719585784624
                ],
                [
                    0.9795723276898448,
                    -0.017912358624302203,
                    0.20029279126522223
                ],
                [
                    -0.2010864733323685,
                    -0.09474059261339704,
                    0.9749812564116364
                ]
            ],
            "translation_vector": [
                4.089251322090402,
                -0.4787298785579682,
                18.79446869117386
            ]
        },
        {
            "image_id": 18,
            "rotation_matrix": [
                [
                    -0.007310094635101648,
                    -0.9894467589200943,
                    -0.14471238294958252
                ],
                [
                    0.9969241004122006,
                    -0.01850380131766968,
                    0.07615738542072475
                ],
                [
                    -0.07803140735467012,
                    -0.14371054449593101,
                    0.9865385845809237
                ]
            ],
            "translation_vector": [
                5.124690060489134,
                -1.3323257861124578,
                18.851856781113323
            ]
        },
        {
            "image_id": 19,
            "rotation_matrix": [
                [
                    -0.0029418896886173763,
                    -0.994155938814525,
                    -0.10791345886807
                ],
                [
                    0.9963367894907275,
                    0.0063089461572795906,
                    -0.08528305286335863
                ],
                [
                    0.08546547368598553,
                    -0.10776904248528504,
                    0.9904955761079576
                ]
            ],
            "translation_vector": [
                3.450288788287852,
                -1.9754233019886167,
                13.424886350900618
            ]
        },
        {
            "image_id": 20,
            "rotation_matrix": [
                [
                    -0.012179716673103422,
                    -0.9907389054061768,
                    -0.13523341235188088
                ],
                [
                    0.9944495580133255,
                    0.002133223907700592,
                    -0.1051928035697381
                ],
                [
                    0.10450708621363825,
                    -0.13576402568549056,
                    0.9852138845249822
                ]
            ],
            "translation_vector": [
                3.6737020758477117,
                -0.9208385936855904,
                17.1823357097559
            ]
        },
        {
            "image_id": 21,
            "rotation_matrix": [
                [
                    0.442518184311674,
                    -0.8915411342667925,
                    -0.0966026007091973
                ],
                [
                    0.8497133281495848,
                    0.45129601171645795,
                    -0.27261542468058364
                ],
                [
                    0.28664423335984907,
                    0.03855276538849034,
                    0.9572610760719589
                ]
            ],
            "translation_vector": [
                2.2088952442592262,
                -5.205478901273153,
                14.861279578879573
            ]
        },
        {
            "image_id": 22,
            "rotation_matrix": [
                [
                    0.14477204007206734,
                    0.9218852376586688,
                    -0.3594004243186027
                ],
                [
                    -0.9864312141783464,
                    0.16289264267406098,
                    0.02048039690274428
                ],
                [
                    0.07742426046146628,
                    0.3515588080957162,
                    0.9329586745093883
                ]
            ],
            "translation_vector": [
                -1.8739366739188688,
                1.101740660762729,
                14.786634176005526
            ]
        },
        {
            "image_id": 23,
            "rotation_matrix": [
                [
                    0.2493244774684109,
                    0.954291908090264,
                    -0.16481583385265858
                ],
                [
                    -0.9156544277130353,
                    0.176889582770849,
                    -0.36095296718086245
                ],
                [
                    -0.31530029169764123,
                    0.24090875795744382,
                    0.9179045137675181
                ]
            ],
            "translation_vector": [
                -4.322455174866879,
                0.28747249311638157,
                14.966225106986961
            ]
        },
        {
            "image_id": 24,
            "rotation_matrix": [
                [
                    0.015721707990581157,
                    0.9992304742784249,
                    0.035934484428922685
                ],
                [
                    -0.993751876139893,
                    0.01958702133477102,
                    -0.10987974000548859
                ],
                [
                    -0.1104990342324377,
                    -0.03398246413291442,
                    0.9932950999401705
                ]
            ],
            "translation_vector": [
                -3.323717920658943,
                0.7665118203445171,
                17.104802756903965
            ]
        },
        {
            "image_id": 25,
            "rotation_matrix": [
                [
                    0.06692050142902267,
                    0.9725055667472674,
                    -0.22305732252957827
                ],
                [
                    -0.9939548164707416,
                    0.08447974493957361,
                    0.07012129141394291
                ],
                [
                    0.0870371719617698,
                    0.2170163480950703,
                    0.9722800190050069
                ]
            ],
            "translation_vector": [
                -2.926272052761827,
                1.4218348396327496,
                16.062031897846072
            ]
        }
    ],
    "radial_distortion_coefficients": [
        0.21565351298409097,
        -1.0390456889052533,
        1.5863503112629374
    ],
    "reprojection_errors": {
        "mean_error": 0.07498802315303951,
        "std_dev": 0.023956747838967504
    }
}