{
    "intrinsic_parameters": {
        "focal_length": [
            1459.6591988782702,
            1458.1478364838722
        ],
        "skew": 0.0,
        "principal_point": [
            783.519188003288,
            738.2615409886507
        ]
    },
    "extrinsic_parameters": [
        {
            "image_id": 1,
            "rotation_matrix": [
                [
                    0.9975703940919282,
                    0.03018950244689808,
                    -0.06278457432589427
                ],
                [
                    -0.02862335883342316,
                    0.999259922461118,
                    0.025696511282534508
                ],
                [
                    0.06351387376288825,
                    -0.0238369734867718,
                    0.9976962396113472
                ]
            ],
            "translation_vector": [
                -1.701648784740041,
                -2.471502134043592,
                8.054530544217991
            ]
        },
        {
            "image_id": 2,
            "rotation_matrix": [
                [
                    0.7743016722341013,
                    0.5301116802737093,
                    -0.3455987945766871
                ],
                [
                    -0.387436483138736,
                    0.8289279158424954,
                    0.4034494787084312
                ],
                [
                    0.5003497695698104,
                    -0.17849402447813667,
                    0.8472248764743845
                ]
            ],
            "translation_vector": [
                -2.560725708002232,
                -1.450480450592356,
                11.690538842260306
            ]
        },
        {
            "image_id": 3,
            "rotation_matrix": [
                [
                    0.8157626178979926,
                    0.5505542956042595,
                    0.17726059582409015
                ],
                [
                    -0.5676261559943911,
                    0.8209030339971487,
                    0.06259996649605712
                ],
                [
                    -0.11104908046105094,
                    -0.15168446316605388,
                    0.9821710265339643
                ]
            ],
            "translation_vector": [
                -3.830250437152995,
                -0.9248809617206719,
                10.249894151530256
            ]
        },
        {
            "image_id": 4,
            "rotation_matrix": [
                [
                    0.2741083988950911,
                    0.9598479423295374,
                    -0.05963650946293499
                ],
                [
                    -0.9616824525697416,
                    0.27321461551030396,
                    -0.022817412013710126
                ],
                [
                    -0.005607679967352543,
                    0.06360582895702163,
                    0.9979593440857568
                ]
            ],
            "translation_vector": [
                -2.6365877766910004,
                0.3079369585394785,
                9.264120102160163
            ]
        },
        {
            "image_id": 5,
            "rotation_matrix": [
                [
                    -0.009760750132226496,
                    -0.9462354589166416,
                    0.3233313842571879
                ],
                [
                    0.9786878643960336,
                    0.05728851697294307,
                    0.1972006336373491
                ],
                [
                    -0.20512140756339256,
                    0.3183653280617314,
                    0.9255099816033101
                ]
            ],
            "translation_vector": [
                1.444467235503265,
                -1.9731492095195433,
                8.57183004402712
            ]
        },
        {
            "image_id": 6,
            "rotation_matrix": [
                [
                    0.011475076498027549,
                    -0.9998758772341336,
                    0.010795959644062297
                ],
                [
                    0.9987759656853772,
                    0.01198061523302622,
                    0.04798994923815078
                ],
                [
                    -0.04811333483148434,
                    0.01023205668035444,
                    0.9987894733263278
                ]
            ],
            "translation_vector": [
                2.4946790518921715,
                -1.2687134115998282,
                9.187382090787683
            ]
        },
        {
            "image_id": 7,
            "rotation_matrix": [
                [
                    0.6719556149761342,
                    0.19211051489896158,
                    -0.7152406598951861
                ],
                [
                    0.40611481742950384,
                    0.7120303698376094,
                    0.5727857430951979
                ],
                [
                    0.6193112356208679,
                    -0.6753564262625871,
                    0.40043387836143535
                ]
            ],
            "translation_vector": [
                -1.8139809787270378,
                -3.213947302959478,
                13.425329854680124
            ]
        },
        {
            "image_id": 8,
            "rotation_matrix": [
                [
                    0.8179240067672415,
                    -0.5692193006046079,
                    -0.08360446742263594
                ],
                [
                    0.3656153335387991,
                    0.4020668628281541,
                    0.8394448556616683
                ],
                [
                    -0.44421362770083306,
                    -0.7171691750450011,
                    0.5369754438800144
                ]
            ],
            "translation_vector": [
                1.857496077919165,
                -1.314026902203505,
                16.59386197805956
            ]
        },
        {
            "image_id": 9,
            "rotation_matrix": [
                [
                    0.8924515676745957,
                    0.3543315604612711,
                    -0.27924781935806964
                ],
                [
                    -0.30742467756943626,
                    0.9306610942840571,
                    0.19839353620350014
                ],
                [
                    0.3301821724086337,
                    -0.09120895157319764,
                    0.9395002182950429
                ]
            ],
            "translation_vector": [
                -2.6513527514795845,
                -2.0584305181681932,
                9.689061414617012
            ]
        },
        {
            "image_id": 10,
            "rotation_matrix": [
                [
                    0.31769601644353906,
                    -0.1658751286173126,
                    -0.9335709308039193
                ],
                [
                    0.6463662198593809,
                    0.7582517484182609,
                    0.08523494497765793
                ],
                [
                    0.6937434330936767,
                    -0.6305075159955192,
                    0.3481096397868911
                ]
            ],
            "translation_vector": [
                0.11172417547595191,
                -3.325332871115454,
                11.552267944057373
            ]
        },
        {
            "image_id": 11,
            "rotation_matrix": [
                [
                    0.5695186677983481,
                    -0.4586254444817268,
                    0.6821372213148416
                ],
                [
                    0.8218002369281898,
                    0.334973297985261,
                    -0.46090916699676165
                ],
                [
                    -0.017113083122742123,
                    0.823076904858116,
                    0.5676720453529643
                ]
            ],
            "translation_vector": [
                -0.4049288892572237,
                -0.9654617963446877,
                8.86508155008917
            ]
        },
        {
            "image_id": 12,
            "rotation_matrix": [
                [
                    0.9999400543712023,
                    -0.007596040246703425,
                    -0.007885926495171083
                ],
                [
                    0.010417021971255021,
                    0.43814850482834744,
                    0.898842240534975
                ],
                [
                    -0.003372434931495291,
                    -0.8988705067412401,
                    0.4382013678588632
                ]
            ],
            "translation_vector": [
                -1.4844181236770015,
                -1.542852667718914,
                12.536825998531317
            ]
        },
        {
            "image_id": 13,
            "rotation_matrix": [
                [
                    0.6878478617883899,
                    0.6902367296079541,
                    0.22458534265008515
                ],
                [
                    -0.5068089017005684,
                    0.23520527952486253,
                    0.8293510798453784
                ],
                [
                    0.5196249187540989,
                    -0.6842892177900711,
                    0.5116035674485166
                ]
            ],
            "translation_vector": [
                -3.588237136691326,
                0.8250973979059455,
                12.476071215521651
            ]
        },
        {
            "image_id": 14,
            "rotation_matrix": [
                [
                    0.9689413422507532,
                    -0.22898110526237808,
                    -0.09338270027220384
                ],
                [
                    0.1928454590806441,
                    0.463279118775085,
                    0.8649757725040372
                ],
                [
                    -0.1548008533222093,
                    -0.8561192157286275,
                    0.49304825754779363
                ]
            ],
            "translation_vector": [
                -0.7411015555026474,
                -0.20172258063525217,
                14.49504451510493
            ]
        },
        {
            "image_id": 15,
            "rotation_matrix": [
                [
                    0.6171073940815253,
                    -0.4812400554892498,
                    -0.6225644329405696
                ],
                [
                    0.12903991204122783,
                    0.8423624765081099,
                    -0.5232343253949577
                ],
                [
                    0.7762262333046349,
                    0.24255611137183922,
                    0.581927287181028
                ]
            ],
            "translation_vector": [
                0.5691213893259578,
                -1.6262547221918577,
                7.651539617044374
            ]
        },
        {
            "image_id": 16,
            "rotation_matrix": [
                [
                    0.7921311966495599,
                    -0.5529841049842157,
                    -0.25833456394633364
                ],
                [
                    0.5664786571946787,
                    0.5085214887960045,
                    0.6484657480357839
                ],
                [
                    -0.2272225742250316,
                    -0.6600109658691294,
                    0.7160694286834545
                ]
            ],
            "translation_vector": [
                0.9209182974929319,
                -1.9055937310597109,
                12.511966923185785
            ]
        },
        {
            "image_id": 17,
            "rotation_matrix": [
                [
                    0.0815181475613786,
                    -0.9966499475806532,
                    0.0066086008838838195
                ],
                [
                    0.3682567751106562,
                    0.036280647930013676,
                    0.9290159644327313
                ],
                [
                    -0.9261434765754498,
                    -0.07329799842601126,
                    0.36998062682183736
                ]
            ],
            "translation_vector": [
                2.2611101861712353,
                -0.1879075060493732,
                12.356766339447395
            ]
        },
        {
            "image_id": 18,
            "rotation_matrix": [
                [
                    0.6379797515235969,
                    0.7630773227088606,
                    -0.103415841210942
                ],
                [
                    -0.5240684349018475,
                    0.5286493899207227,
                    0.6677440363462451
                ],
                [
                    0.5642110528742037,
                    -0.3718101963420649,
                    0.7371723446458485
                ]
            ],
            "translation_vector": [
                -2.558887012508908,
                -0.5052949193946656,
                10.434152997707645
            ]
        },
        {
            "image_id": 19,
            "rotation_matrix": [
                [
                    0.815740010251125,
                    -0.27131260019415443,
                    0.5108401987426022
                ],
                [
                    -0.23986365142361005,
                    0.6449769879098769,
                    0.7255826030111496
                ],
                [
                    -0.5263398753668843,
                    -0.7144187553827164,
                    0.4610555037695388
                ]
            ],
            "translation_vector": [
                -0.798817360135559,
                -1.316318628825453,
                11.871760913027364
            ]
        },
        {
            "image_id": 20,
            "rotation_matrix": [
                [
                    0.8320787092435993,
                    0.21617634644256076,
                    0.510796249851398
                ],
                [
                    -0.5533231221900038,
                    0.38736352373416255,
                    0.7374164514913938
                ],
                [
                    -0.03845184096258594,
                    -0.8962239049026749,
                    0.44193231179399994
                ]
            ],
            "translation_vector": [
                -2.774442259500023,
                -0.08346769633532905,
                11.711559800425904
            ]
        },
        {
            "image_id": 21,
            "rotation_matrix": [
                [
                    0.19096084986933312,
                    -0.6260667514625778,
                    0.7560253808770422
                ],
                [
                    0.5648683918263596,
                    0.6999809086856168,
                    0.43697874935877623
                ],
                [
                    -0.8027811991649306,
                    0.34360900772353564,
                    0.48731426828953306
                ]
            ],
            "translation_vector": [
                0.8125870740239418,
                -2.539679045396299,
                9.843405367389057
            ]
        },
        {
            "image_id": 22,
            "rotation_matrix": [
                [
                    0.9692507761478063,
                    0.10714088120450972,
                    -0.22152599060064335
                ],
                [
                    -0.06169096178499499,
                    0.9772863693230771,
                    0.20274510492083528
                ],
                [
                    0.23821662026591992,
                    -0.18284469888416058,
                    0.9538451959930622
                ]
            ],
            "translation_vector": [
                -1.9666040301808754,
                -2.6687250276922323,
                10.928489836819715
            ]
        },
        {
            "image_id": 23,
            "rotation_matrix": [
                [
                    0.6366547525121568,
                    0.47123998752614105,
                    0.6104126475262834
                ],
                [
                    -0.7599524334482277,
                    0.5178007560379617,
                    0.3928799765101706
                ],
                [
                    -0.13093137515432013,
                    -0.7140134811072391,
                    0.6877802874445595
                ]
            ],
            "translation_vector": [
                -3.4991797860240714,
                -0.8033578181414803,
                10.982571397820964
            ]
        },
        {
            "image_id": 24,
            "rotation_matrix": [
                [
                    0.6381775297842164,
                    0.3489526350635951,
                    -0.6862663469533453
                ],
                [
                    0.23185471999203053,
                    0.7628915137718812,
                    0.6035229299970838
                ],
                [
                    0.7341476890217206,
                    -0.5442688643464929,
                    0.4059539062591295
                ]
            ],
            "translation_vector": [
                -2.087491236355189,
                -2.1516226033488683,
                10.297736651294807
            ]
        },
        {
            "image_id": 25,
            "rotation_matrix": [
                [
                    0.7505318544475836,
                    0.32743968514108557,
                    -0.5740080034757163
                ],
                [
                    -0.00802589641071616,
                    0.8730636366486885,
                    0.4875402253646067
                ],
                [
                    0.6607855328669626,
                    -0.361307540685873,
                    0.6578900672583914
                ]
            ],
            "translation_vector": [
                -2.2044254827907226,
                -2.901750388835999,
                9.93510931313035
            ]
        }
    ],
    "radial_distortion_coefficients": [
        0.3204366291943064,
        -2.3422757700236456,
        6.490997425490091
    ],
    "reprojection_errors": {
        "mean_error": 0.2590445629091397,
        "std_dev": 0.07554113205305335
    }
}